%YAML:1.0
---
calibration_time: "2022年05月06日 星期五 10时50分40秒"
image_width: 3648
image_height: 2736
board_width: 6
board_height: 4
square_size: 5.8400001525878906e+01
aspectRatio: 1.
flags: 2
camera_matrix: !!opencv-matrix
   rows: 3
   cols: 3
   dt: d
   data: [ 3.0556046899380012e+03, 0., 1.9106976138108419e+03, 0.,
       3.0556046899380012e+03, 1.5624986258910974e+03, 0., 0., 1. ]
distortion_coefficients: !!opencv-matrix
   rows: 5
   cols: 1
   dt: d
   data: [ 4.0882896544766414e-02, -3.6673376986422540e-01,
       1.5228838795122823e-02, 1.1493987917927448e-02,
       1.3983214034297489e+00 ]
avg_reprojection_error: 1.8487691571998512e+00
