P0: 4.3086714557353366e+02 0.0000000000000000e+00 3.4180192142448891e+02 0.0000000000000000e+00 
    0.0000000000000000e+00 4.3086714557353366e+02 2.6383854772067326e+02 0.0000000000000000e+00 
    0.0000000000000000e+00 0.0000000000000000e+00 1.0000000000000000e+00 0.0000000000000000e+00

P1: 4.2059766968143492e+02 0.0000000000000000e+00 3.3914871645622327e+02 -3.723586018088609e+02
    0.0000000000000000e+00 4.2059766968143492e+02 2.6627829437887192e+02 0.0000000000000000e+00 
    0.0000000000000000e+00 0.0000000000000000e+00 1.0000000000000000e+00 0.0000000000000000e+00