%YAML:1.0
---
calibration_time: "2021年07月27日 星期二 19时46分21秒"
image_width: 640
image_height: 480
board_width: 6
board_height: 6
square_size: 1.
aspectRatio: 1.
flags: 2
camera_matrix: !!opencv-matrix
   rows: 3
   cols: 3
   dt: d
   data: [ 1.2507151255849335e+03, 0., 3.3024502437160515e+02, 0.,
       1.2507151255849335e+03, 3.1200396512525538e+02, 0., 0., 1. ]
distortion_coefficients: !!opencv-matrix
   rows: 5
   cols: 1
   dt: d
   data: [ 7.1956769988467284e-02, 6.7541163843000829e-01,
       1.2794849647870990e-02, -3.6944713906600947e-05,
       -2.5684074307412827e+00 ]
avg_reprojection_error: 3.3489257388418586e-01
