%YAML:1.0
---
M1: !!opencv-matrix
   rows: 3
   cols: 3
   dt: d
   data: [ 5.0791239611052424e+02, 0., 3.3133318255234428e+02, 0.,
       4.8299256896714132e+02, 2.4492723215900779e+02, 0., 0., 1. ]
D1: !!opencv-matrix
   rows: 1
   cols: 14
   dt: d
   data: [ -1.5793337909328520e-01, 7.4041066298712268e+00, 0., 0., 0.,
       0., 0., 3.7760329576937650e+01, 0., 0., 0., 0., 0., 0. ]
M2: !!opencv-matrix
   rows: 3
   cols: 3
   dt: d
   data: [ 5.0791239611052424e+02, 0., 3.2910870971434616e+02, 0.,
       4.8299256896714132e+02, 2.4421582512401571e+02, 0., 0., 1. ]
D2: !!opencv-matrix
   rows: 1
   cols: 14
   dt: d
   data: [ -4.1631866591506285e-02, 1.2988868722990314e+00, 0., 0., 0.,
       0., 0., 3.0457041372114890e+00, 0., 0., 0., 0., 0., 0. ]
