%YAML:1.0
---
R: !!opencv-matrix
   rows: 3
   cols: 3
   dt: d
   data: [ 9.9999802908413016e-01, -3.8911327008746673e-04, -1.9468997709568639e-03,
           4.0538483168007920e-04,  9.9996493666381103e-01,  8.3642755860073355e-03,
           1.9435768555304842e-03, -8.3650483443597923e-03,  9.9996312355766559e-01 ]
T: !!opencv-matrix
   rows: 3
   cols: 1
   dt: d
   data: [ -5.6201622945523937e+00, 3.9811059838389069e-02, -8.3341049137753670e-02 ]
R1: !!opencv-matrix
   rows: 3
   cols: 3
   dt: d
   data: [ 9.9988896526516446e-01, -7.5954980022192239e-03, 1.2820512901475841e-02,
           7.5418751275467431e-03,  9.9996263082567061e-01, 4.2257628618130828e-03,
          -1.2852130582868982e-02, -4.1286029479802094e-03, 9.9990888453757565e-01 ]
R2: !!opencv-matrix
   rows: 3
   cols: 3
   dt: d
   data: [ 9.9986498982356897e-01, -7.0826575557745358e-03,  1.4826937885548962e-02,
           7.1445343971517257e-03,  9.9996597160668588e-01, -4.1244705047524767e-03,
          -1.4797221136490891e-02,  4.2298452269896834e-03,  9.9988156831496477e-01 ]
P1: !!opencv-matrix
   rows: 3
   cols: 4
   dt: d
   data: [ -3.3529484257726176e+02, 0., 2.5205983642578125e+04, 0., 0.,
       -3.3529484257726176e+02, -1.3401280517578125e+04, 0., 0., 0., 1.,
       0. ]
P2: !!opencv-matrix
   rows: 3
   cols: 4
   dt: d
   data: [ -3.3529484257726176e+02, 0., 2.5205983642578125e+04,
       1.8846658808836985e+03, 0., -3.3529484257726176e+02,
       -1.3401280517578125e+04, 0., 0., 0., 1., 0. ]
Q: !!opencv-matrix
   rows: 4
   cols: 4
   dt: d
   data: [ 1., 0., 0., -2.5205983642578125e+04, 0., 1., 0.,
       1.3401280517578125e+04, 0., 0., 0., -3.3529484257726176e+02, 0.,
       0., 1.7790678229928256e-01, 0. ]
